receptor = receptor.pdbqt
ligand = 
out = output.pdbqt
center_x = 96.562
center_y = 13.916500000000001
center_z = 84.339
size_x = 56.214
size_y = 75.751
size_z = 57.087999999999994
exhaustiveness = 8
num_modes = 9
energy_range = 3
